7631 2246
8487 2343
10428 1519
10822 1846
14057 2845
14234 3406
15643 3943
16545 3933
16587 4743
15687 5043
16487 5743
18045 5392
18515 3923
20443 3334
18087 2143
17487 2345
14777 1987
14141 4951
14174 5424
14100 6148
10836 5262
10421 5423
8470 5443
8095 4953
8086 3917
8522 7476
10187 7443
4287 10143
3587 16443
6213 21489
14071 22804
17256 20973
18846 18543
20387 17843
22644 16209
19720 13781
19954 13028
19053 12702
19787 12243
19787 11743
20913 10954
20087 10243
17504 11771
15642 12946
17193 17831
25787 11743
26435 12267
30070 9783
27390 8785
25187 9243
29798 6223
37493 5304
35728 11444
34887 15043
30611 17236
19587 8043
18497 7832
11572 11643
11594 12758
11584 13684
11591 14583
11587 15543
16505 13239
21887 16843
24607 16805
28104 18715
23263 22247
16436 19143
14640 19539
11840 21362
5762 22777
6104 16380
25487 14043
25387 13243
25391 12767
23442 12756
23442 12362
23048 12362
22654 12362
22261 12362
21867 12362
21867 12756
22261 12756
22654 12756
23048 12756
23048 13150
23048 13543
22654 13543
22261 13543
22261 13150
22654 13150
21867 13150
21867 13543
21867 13937
22261 13937
22654 13937
23048 13937
23442 13937
23442 13543
23442 13150
23442 14331
23048 14331
22654 14331
22261 14331
21867 14331
28398 21236
27474 21241
27465 22209
28407 22198
29358 22192
30261 22201
31181 22187
31190 23165
30278 23165
29358 23173
28389 23169
27474 23160
27477 24133
28438 24129
29358 24129
30278 24129
31207 24129
31198 25141
30269 25155
29349 25190
28389 25191
27443 25172
29349 21228
30261 21228
31159 21223
27059 19775
24563 19774
21822 19717
12751 16336
5749 20589
10415 21401
3691 15635
2691 15635
2691 14635
3691 14635
3691 13635
2691 13635
2691 12635
3691 12635
3691 11635
2691 11635
2691 10635
3691 10635
3691 9635
2691 9635
2691 8635
3691 8635
5847 6880
5847 5880
5847 4880
5847 3880
5847 2880
5847 1880
22273 10122
23273 10122
19378 14434
19378 15434
19378 16434
26202 16089
27202 16089
28202 16089
29741 8554
29741 7554
38767 6963
38767 8943
38749 10986
38749 12966
38723 14985
38723 16965
38701 18990
38701 20970
2596 21025
2596 23005
31913 7982
33589 8008
33607 6208
31938 6220
30177 4581
35378 4574
2387 1843
2387 26143
39387 26143
39442 1809