9347 29870
9449 34950
9652 31902
9754 33731
9957 28651
9957 34442
10160 30378
10414 29108
11735 21996
11735 32817
11887 28550
11989 20015
11989 20828
12192 33630
12598 20625
12598 21438
12598 32817
12598 33630
12700 23063
12700 23876
12903 26314
12903 26822
12903 27330
13208 23571
13208 29159
13208 34747
14224 8534
14529 36170
15342 19609
15443 21285
15443 21742
15748 24486
15748 26619
16053 26619
16053 27940
16358 29058
16916 21285
17780 35255
18694 26721
18948 7772
18999 19202
19406 33020
20218 37490
22454 15850
22504 4877
23165 15646
23368 28651
23571 14783
24003 29032
24079 34239
24663 28118
24943 27889
24943 31928
25146 27280
25502 26518
25603 21336
25603 30378
26010 18898
26010 23470
26314 12497
26416 24028
26924 14529
27076 11227
27127 35763
27330 18999
27483 21996
27889 21590
27940 11074
27940 13513
27940 15951
27940 16459
27940 17374
27940 22962
27940 29362
27940 30378
27940 31293
28448 10973
28550 30683
29083 36754
29159 30480
29464 10262
29566 9195
29947 36754
30175 8611
30175 21438
30277 27026
30480 12090
30582 10770
30582 27026
30683 7620
30785 31090
30836 9449
30988 7010
30988 8839
31090 15443
31496 22758
31598 13614
31801 17780
31801 23165
31902 13005
31902 13310
32106 9347
32106 27940
32614 27026
32614 38710
33223 18796
33325 24689
33630 9550
33934 31191
34417 36170
34646 35763
34747 30785
34849 18491
34849 37795
35001 35763
35154 30785
35255 33630
35306 35154
35357 28550
35357 31598
35560 20015
35966 6604
36779 27838
6584 25156
6584 25410
6584 25664
6604 26924
6604 27178
6604 27432
6604 28600
6604 28854
6604 29108
6604 30226
6604 30480
6604 30734
6604 31902
6604 32156
6604 32410
6604 33579
6604 33833
6604 34087
6604 35204
6604 35458
6604 35712
6604 36932
6604 37186
6604 37440
6604 38557
6604 38811
6604 39065
11125 6706
11125 6960
11125 7214
11125 9093
11125 9347
11125 9601
11125 11481
11125 11735
11125 11989
11125 13868
11125 14122
11125 14376
11125 16256
11125 16510
11125 16764
11125 18644
11125 18898
11125 19152
11125 21031
11125 21285
11125 21539
11125 23419
11125 23673
11125 23927
29108 6985
29362 6985
29591 14681
29616 6985
29845 14681
30099 14681
32410 6960
32664 6960
32918 6960
34041 19761
34341 19761
34849 6147
34849 6401
34849 6655
34849 10058
34849 10312
34849 10566
34849 13970
34849 14224
34849 14478
35001 4013
35001 4267
35001 4521
35001 7925
35001 8179
35001 8433
35001 11836
35001 12090
35001 12344
4816 25725
4826 27432
4826 29108
4826 30734
4826 32410
4826 34087
4826 35763
4826 37440
4826 39116
5740 33020
5781 24618
5791 26365
5791 28042
5791 29667
5791 31344
5791 34646
5791 36373
5791 37998
5832 25725
5842 27432
5842 29108
5842 30734
5842 32410
5842 34087
5842 35763
5842 37440
5842 39116
6756 33020
6797 24618
6807 26365
6807 28042
6807 29667
6807 31344
6807 34646
6807 36373
6807 37998
7264 24790
7264 25806
7264 26518
7264 27534
7264 28194
7264 29210
7264 29820
7264 30836
7264 31496
7264 32512
7264 33172
7264 34188
7264 34798
7264 35814
7264 36525
7264 37541
7264 38151
7264 39167
7772 24587
7772 25603
7772 26365
7772 27381
7772 28042
7772 29058
7772 29667
7772 30683
7772 31344
7772 32360
7772 33020
7772 34036
7772 34646
7772 35662
7772 36373
7772 37389
7772 37998
7772 39014
9957 5385
9957 6401
9957 7772
9957 8788
9957 10160
9957 11176
9957 12548
9957 13564
9957 14935
9957 15951
9957 17323
9957 18339
9957 19710
9957 20726
9957 22098
9957 23114
10465 5639
10465 6147
10465 8026
10465 8534
10465 10414
10465 10922
10465 12802
10465 13310
10465 15189
10465 15697
10465 17577
10465 18085
10465 19964
10465 20472
10465 22352
10465 22860
11481 5639
11481 6147
11481 8026
11481 8534
11481 10414
11481 10922
11481 12802
11481 13310
11481 15189
11481 15697
11481 17577
11481 18085
11481 19964
11481 20472
11481 22352
11481 22860
28753 7925
28753 8941
29058 5182
29058 6198
29083 15367
29261 33934
29515 6147
30099 15367
30175 7595
30175 8611
30277 33934
30531 6147
31191 16840
31191 17323
31598 7620
31598 8636
32182 15367
32182 16383
32207 16840
32207 17323
32360 5182
32360 6198
32550 32601
32550 33109
32550 33617
32563 37236
32563 37744
32563 38252
32614 8839
32614 9855
32868 5182
32868 6198
33223 25349
33223 26365
33223 28956
33223 29972
33566 32601
33566 33109
33566 33617
33579 37236
33579 37744
33579 38252
33833 24790
34188 3607
34188 4623
34188 5080
34188 5588
34188 6045
34188 7061
34188 7518
34188 8534
34188 8992
34188 9500
34188 9957
34188 10973
34188 11430
34188 12446
34188 12903
34188 13411
34188 13868
34188 14884
34239 29058
34747 31394
34747 32410
34785 33617
34785 34633
34785 35192
34849 24790
34849 25298
34849 26314
34849 36271
34849 37287
34849 40030
34950 38303
34950 39319
35204 5080
35204 5588
35204 8992
35204 9500
35204 12903
35204 13411
35255 29058
35293 32093
35293 33109
35357 36779
35357 37795
35611 4572
35611 5080
35611 5588
35611 6096
35611 8484
35611 8992
35611 9500
35611 10008
35611 12395
35611 12903
35611 13411
35611 13919
35801 35192
35865 27940
35865 28956
35865 40030
36208 35192
36373 40030
36627 4572
36627 5080
36627 5588
36627 6096
36627 8484
36627 8992
36627 9500
36627 10008
36627 12395
36627 12903
36627 13411
36627 13919
36982 30988
36982 35966
36982 36474
36982 37490
37084 33122
37084 37998
37186 31598
37186 32614
37186 38506
37186 39522
37224 35192
37287 33630
37287 34646
37389 40030
37998 30988
37998 35966
38100 33122
38100 37998
8677 38608
9677 38608
11065 38608
12065 38608
13376 38608
13716 10058
14224 9550
14224 10566
14376 38608
15764 38608
16764 38608
18101 38608
19101 38608
19701 38608
20701 38608
26568 8026
26568 9550
28753 34544
28753 35052
28753 35560
28753 36068
28778 25400
28778 25800
28804 29261
28804 29661
29667 24892
29667 25400
29667 25908
29667 26416
29693 28880
29693 29388
29693 29896
29693 30404
29750 23978
29775 27965
29775 31318
30150 23978
30175 27965
30175 31318
30277 34544
30277 35052
30277 35560
30277 36068
30674 15469
30674 16180
31191 24892
31191 25400
31191 25908
31191 26416
31217 28880
31217 29388
31217 29896
31217 30404
31293 27642
31293 28042
31445 20574
31445 22098
31674 15469
31674 16180
31902 19456
31902 19856
31953 20574
31953 22098
32156 28931
32309 25813
32309 26213
32461 20574
32461 22098
32664 28423
32664 29439
32874 19660
32969 20574
32969 22098
33249 26899
33249 28423
33274 19660
33331 23876
33477 20574
33477 22098
33731 23876
33757 25349
33757 26365
33757 26899
33757 28423
33934 29972
33985 20574
33985 22098
34265 25857
34265 26899
34265 28423
34334 29972
34493 20574
34493 22098
34551 23012
34773 26899
34773 28423
34950 23012
35001 20574
35001 22098
35160 29972
35243 34379
35458 39218
35560 29972
35751 34379
35916 20631
35916 21031
35966 39218
36068 30988
36068 31496
36068 32004
36068 35966
36068 36474
36068 36982
36068 37490
36068 37998
36068 38506
36170 32614
36170 33122
36170 33630
36259 34379
36474 39218
5070 24628
5070 25136
5080 26365
5080 26873
5080 28042
5080 28550
5080 29667
5080 30175
5080 31344
5080 31852
5080 33020
5080 33528
5080 34696
5080 35204
5080 36373
5080 36881
5080 38049
5080 38557
9957 7061
9957 9449
9957 11836
9957 14224
9957 16612
9957 18999
9957 21387
9957 23774
10465 7061
10465 9449
10465 11836
10465 14224
10465 16612
10465 18999
10465 21387
10465 23774
29464 7645
29464 8153
31585 32195
31585 33109
31585 34023
31598 36830
31598 37744
31598 38659
32093 32195
32093 33109
32093 34023
32106 36830
32106 37744
32106 38659
32537 7671
32537 8179
37084 4013
37084 6604
37084 7976
37084 10566
37084 11836
37084 14427
37592 4013
37592 6604
37592 7976
37592 10566
37592 11836
37592 14427
12919 5690
13919 5690
14224 11836
14224 12344
14224 17424
14224 17932
14224 18440
14224 18948
14224 19456
14224 19964
14224 20472
14224 20980
14224 21488
14224 21996
14224 22504
14224 23012
14224 23520
14224 24028
14224 24536
14224 25044
14224 25552
14224 26060
14224 26568
14224 27076
14224 27584
14224 28092
14224 28600
14224 29108
14224 29616
14224 30124
14224 30632
14224 31140
14224 31648
14224 32156
14224 32664
14224 33172
14224 33680
14224 34188
14224 34696
14224 35204
14732 17424
14732 17932
14732 18440
14732 18948
14732 19456
14732 19964
14732 20472
14732 20980
14732 21488
14732 21996
14732 22504
14732 23012
14732 23520
14732 24028
14732 24536
14732 25044
14732 25552
14732 26060
14732 26568
14732 27076
14732 27584
14732 28092
14732 28600
14732 29108
14732 29616
14732 30124
14732 30632
14732 31140
14732 31648
14732 32156
14732 32664
14732 33172
14732 33680
14732 34188
14732 34696
14732 35204
26416 17424
26416 17932
26416 18440
26416 18948
26416 19456
26416 19964
26416 20472
26416 20980
26416 21488
26416 21996
26416 22504
26416 23012
26416 23520
26416 24028
26416 24536
26416 25044
26416 25552
26416 26060
26416 26568
26416 27076
26416 27584
26416 28092
26416 28600
26416 29108
26416 29616
26416 30124
26416 30632
26416 31140
26416 31648
26416 32156
26416 32664
26416 33172
26416 33680
26416 34188
26416 34696
26416 35204
26924 11836
26924 12344
26924 17424
26924 17932
26924 18440
26924 18948
26924 19456
26924 19964
26924 20472
26924 20980
26924 21488
26924 21996
26924 22504
26924 23012
26924 23520
26924 24028
26924 24536
26924 25044
26924 25552
26924 26060
26924 26568
26924 27076
26924 27584
26924 28092
26924 28600
26924 29108
26924 29616
26924 30124
26924 30632
26924 31140
26924 31648
26924 32156
26924 32664
26924 33172
26924 33680
26924 34188
26924 34696
26924 35204
29585 5588
29862 5020
30139 5588
30416 5020
30693 5588
30970 5020
31247 5588
31524 5020
31801 5588
34176 32093
34176 32601
34176 33109
34176 33617
34176 34125
34176 34633
34176 35141
34176 35649
34188 36728
34188 37236
34188 37744
34188 38252
34188 38760
34188 39268
34188 39776
34188 40284
36068 17018
36068 17572
36068 18126
36068 18680
36068 19234
36068 23419
36068 23973
36068 24527
36068 25081
36068 25635
36636 17295
36636 17849
36636 18403
36636 18957
36636 23696
36636 24250
36636 24804
36636 25358
15621 5944
15621 7976
15621 10008
24765 6452
24765 7468
24765 9500
9144 5486
9144 7010
9144 7874
9144 9398
9144 10262
9144 11786
9144 12649
9144 14173
9144 15037
9144 16561
9144 17424
9144 18948
9144 19812
9144 21336
9144 22200
9144 23724
26721 6299
27721 6299
4928 5486
4928 7874
4928 10262
4928 12649
4928 15037
4928 17424
4928 19812
4928 22200
5436 7010
5436 9398
5436 11786
5436 14173
5436 16561
5436 18948
5436 21336
5436 23724
6452 5486
6452 7874
6452 10262
6452 12649
6452 15037
6452 17424
6452 19812
6452 22200
8484 5486
8484 7010
8484 7874
8484 9398
8484 10262
8484 11786
8484 12649
8484 14173
8484 15037
8484 16561
8484 17424
8484 18948
8484 19812
8484 21336
8484 22200
8484 23724
3750 5638
3750 6338
3750 7038
3750 8025
3750 8725
3750 9425
3750 10413
3750 11113
3750 11813
3750 12801
3750 13501
3750 14201
3750 15188
3750 15888
3750 16588
3750 17576
3750 18276
3750 18976
3750 19963
3750 20663
3750 21363
3750 22351
3750 23051
3750 23751
3750 24829
3750 25529
3750 26556
3750 27256
3750 28233
3750 28933
3750 29858
3750 30558
3750 31535
3750 32235
3750 33211
3750 33911
3750 34887
3750 35587
3750 36564
3750 37264
3750 38240
3750 38940
5662 3699
6362 3699
7288 3699
7988 3699
8889 39786
8913 3699
9589 39786
9613 3699
10289 39786
10539 3699
11226 39786
11239 3699
11926 39786
12165 3699
12626 39786
12865 3699
13563 39786
14263 39786
14963 39786
15899 39786
16599 39786
17299 39786
18236 39786
18936 39786
19636 39786
20573 39786
21273 39786
21973 39786
23178 39761
23878 39761
24804 39761
25504 39761
26287 3750
26429 39761
26987 3750
27129 39761
28842 39761
29542 39761
37703 4951
37703 5651
37703 8913
37703 9613
37703 12774
37703 13474
37932 28243
37932 28943
37932 29643
